1
3
13
1.154067 0.058329 0.004347 -0.020207 -0.021689 -0.050526 -0.046662 -0.000694 -0.024993 -0.002057 -0.040381 0.000005 -0.102566 
-0.012477 1.110605 0.064068 0.029795 0.110262 0.050155 0.035370 0.074398 0.068434 -0.003039 0.040597 0.023825 0.004709 
-0.010085 0.011938 0.961777 -0.018343 0.000986 0.028838 0.072538 0.005799 0.034907 0.019099 0.038614 -0.040518 0.039995 
-0.035654 0.217838 -0.026805 1.208945 -0.094523 0.034536 -0.065452 0.029110 -0.008779 0.098043 0.035857 0.080886 -0.024549 
-0.122365 -0.048579 -0.090613 -0.019856 1.036176 0.089112 -0.007846 0.042123 0.010931 0.011496 -0.016396 0.000651 0.035667 
0.035604 -0.014702 0.068405 -0.024336 0.048727 1.000336 0.018027 -0.095040 -0.023623 0.017752 -0.029308 -0.017924 0.028490 
0.047794 0.127632 0.039871 0.075053 -0.146046 0.116299 0.958511 -0.012834 -0.113088 -0.042985 0.044472 0.042228 -0.082732 
-0.245005 -0.135581 -0.057703 -0.049325 0.033396 -0.091324 0.049983 0.971259 0.009375 -0.029459 -0.098431 0.036636 0.041567 
-0.000192 0.110824 0.131628 -0.047301 0.101648 -0.050408 -0.021779 0.092642 0.914626 0.064230 0.076703 -0.148860 0.079881 
0.000100 -0.105718 -0.034498 -0.047750 -0.064896 0.029739 -0.021815 -0.095050 0.090139 1.004699 0.038177 -0.000334 -0.000381 
-0.091150 0.028733 -0.044348 0.134722 -0.002167 0.020349 0.017953 0.030605 -0.057128 0.058907 1.014026 0.015729 -0.094576 
0.009640 0.018485 -0.094700 -0.036622 -0.035705 -0.010640 -0.006056 -0.061049 -0.055045 -0.014320 -0.021874 1.031272 0.097623 
-0.025158 -0.059839 0.073809 -0.006726 -0.003815 0.040492 -0.108156 -0.060218 0.002732 -0.098351 0.053825 -0.041543 0.931947 
-2.559154 -1.330522 -0.929628 -1.837207 1.703395 0.498268 -1.014804 1.016667 -0.004234 0.933197 -0.375111 0.065376 0.177449 
1.0 1.0 1.0 1.0 1.0 1.0 1.0 1.0 1.0 1.0 1.0 1.0 1.0 
13
1.287955 0.039999 0.039611 -0.027025 0.044136 -0.005133 0.041516 0.009739 -0.016847 -0.031714 0.012676 -0.047536 0.000401 
-0.011581 1.047095 0.048354 0.042823 0.056514 0.033818 0.014844 0.046773 0.012457 -0.017593 0.005751 0.015111 -0.022142 
0.020307 0.085309 1.002631 0.005441 0.010973 0.056500 -0.019246 0.039691 0.061382 0.057237 0.035014 0.028985 0.013648 
-0.038915 0.148491 0.003014 1.161897 -0.096764 0.017651 0.007023 -0.072199 0.020047 0.037388 0.023441 0.024654 -0.004905 
-0.130350 -0.043004 -0.040744 0.037642 1.001176 0.081559 -0.030226 0.110093 -0.021000 0.067766 0.016073 0.002679 0.051490 
0.084056 0.027221 0.045127 0.000063 0.067454 1.015918 0.036189 -0.063804 -0.001085 0.036952 -0.036959 0.019909 0.015879 
0.042222 0.159722 0.027336 0.064936 -0.111386 0.095581 0.901140 0.017161 -0.044193 -0.108323 0.031016 -0.015228 -0.079597 
-0.128415 -0.153715 -0.015221 -0.093308 0.107544 -0.028746 0.105749 0.914165 0.027353 -0.021148 -0.065573 -0.017186 0.093795 
-0.086888 0.075395 0.073093 0.016891 0.061070 -0.044574 -0.084334 0.096456 0.871285 -0.027637 0.098650 -0.083370 0.067293 
-0.044072 -0.071800 0.058458 -0.052228 -0.090879 0.027887 -0.053585 -0.061392 0.135339 1.051834 -0.004154 0.074018 -0.094211 
-0.071594 0.029223 -0.052758 0.125739 0.079378 -0.006361 0.067939 0.015670 -0.073068 0.052202 1.012389 -0.000558 -0.014195 
-0.000968 0.016426 -0.027854 -0.005708 -0.088415 0.074896 -0.067980 -0.003222 0.016798 0.031548 -0.000099 1.075117 -0.024807 
-0.010579 -0.032146 0.053806 0.007779 0.009945 -0.031043 -0.064735 -0.065651 0.040441 -0.091146 0.041821 -0.002177 0.994166 
0.163808 -0.039023 0.213904 0.486505 -0.027402 0.257145 -0.157151 0.080197 0.274532 0.061080 0.161243 -0.371689 -0.103243 
1.0 1.0 1.0 1.0 1.0 1.0 1.0 1.0 1.0 1.0 1.0 1.0 1.0 
13
1.209710 0.036229 0.026786 -0.021668 0.031633 -0.010425 0.016577 0.003010 -0.012982 -0.012721 0.002939 -0.009656 0.009821 
0.004131 1.033151 0.053604 0.048098 0.009930 0.051932 -0.003245 0.000463 0.006276 -0.035294 0.003168 -0.008638 -0.011229 
0.020518 0.061535 1.022942 -0.014053 0.000681 0.015869 -0.010182 0.028936 0.033149 0.066746 0.022012 0.013679 -0.012855 
-0.065151 0.109541 -0.008210 1.119953 -0.093175 0.016228 0.001956 -0.052186 0.020591 -0.004872 0.030926 -0.009520 0.028269 
-0.050884 -0.033374 0.026727 0.011135 1.047638 0.012290 0.030068 0.078953 0.016635 0.035554 0.033454 0.012566 0.030121 
0.099210 0.046624 0.036131 0.012146 0.060733 1.046182 0.024445 -0.002933 0.006695 0.016733 -0.038922 0.006011 0.007442 
0.060979 0.136644 -0.026221 0.051562 -0.055896 0.058187 0.961244 -0.026920 -0.038718 -0.066332 0.017855 -0.020742 0.019050 
-0.150293 -0.164385 0.040401 -0.088035 0.067759 -0.016093 0.043167 0.970446 -0.041919 -0.001045 -0.040324 -0.024175 0.048821 
-0.051486 0.042416 0.076101 0.012869 0.088150 -0.078698 -0.020719 0.006404 0.985066 -0.040007 0.076134 -0.100425 0.034015 
-0.073851 -0.081420 0.035668 -0.088151 -0.008209 0.006240 -0.030985 -0.013372 0.049747 1.046789 -0.046540 0.013444 -0.053454 
-0.088592 0.018049 -0.087330 0.110313 0.055406 0.011533 0.063445 -0.019921 -0.019205 -0.010996 1.037679 -0.038876 0.006176 
0.012396 0.002323 -0.002452 -0.032724 -0.046225 0.017947 -0.023153 -0.008495 -0.057342 0.036428 -0.050902 1.091764 -0.023676 
0.014303 -0.019842 -0.017569 0.040350 -0.004154 0.021691 -0.020695 -0.003178 0.014749 -0.063765 0.021064 -0.006475 1.043605 
0.017020 -0.208989 -0.053664 -0.094898 -0.191803 0.036458 0.013774 -0.400233 -0.110570 -0.484977 0.144539 -0.176684 0.067086 
1.0 1.0 1.0 1.0 1.0 1.0 1.0 1.0 1.0 1.0 1.0 1.0 1.0 
